Test accuarcy: [0.69994498722179277, 0.62150608352515624]
Prediction shape: (3041, 4)
Prediction: [[  0.00000000e+00   1.00000000e+00   1.27791276e-22   6.61065209e-17]
 [  1.69120273e-38   1.00000000e+00   6.69067745e-22   1.95272739e-16]
 [  0.00000000e+00   1.00000000e+00   3.69750545e-24   3.57174562e-18]
 [  1.65317808e-25   1.00000000e+00   2.83784125e-14   1.31882311e-10]
 [  1.94512588e-27   1.00000000e+00   3.62109888e-15   7.80146347e-12]]
Target: [[ 0.  1.  0.  0.]
 [ 0.  1.  0.  0.]
 [ 0.  1.  0.  0.]
 [ 0.  1.  0.  0.]
 [ 0.  1.  0.  0.]]
Recognition Rate: 62.15060835251562
<keras.models.Sequential object at 0x0000015DFC443358>
